3.5376671395461
4.83388501459509
0.741153138996352
3.86217332036812
3.31876523985898
1.69231170369473
2.56640797769432
3.34262446653865
6.57839693972576
5.76943702988488
1.65011305984348
6.03492346633185
3.72540422494611
2.93694512681034
3.7147429038261
2.79503394170023
2.87585565178369
4.48969760778547
4.40903448980048
4.41719241342961
3.67149713360808
1.79251307731496
3.71723865132884
4.63023528916473
3.48889377031179
4.03469300991786
3.72688513338324
2.69655907521398
3.29387146709666
2.21271719624136
3.88839563175764
1.85292989303085
1.93112954183197
2.19050130557512
0.0557158380051037
4.4383802928151
3.3251905394562
2.2450716808303
4.37029854009523
1.2884835811463
2.89775755391451
2.75855295839264
3.3192067391655
3.31285859663743
2.13512008267554
2.96994870380373
2.83512098079096
3.62770728752873
4.09326566903948
4.1092732976144
2.13634717801129
3.07735909113042
1.78588295638459
1.88649925851324
2.99315067189665
4.53263030828475
2.23033408624632
3.37137881276006
2.77441559772875
4.11735613881447
1.91093570494776
3.03255746416497
3.55252702111222
4.10061021788087
4.54421189550395
3.08593113317543
1.50840968936239
2.25769816274014
1.93841826668001
5.35045722400204
2.38439811853311
3.74807678370399
2.80758148941174
3.88861042542072
2.23515076343213
1.59773103066124
1.5776240749085
3.48819390985994
2.82262484338117
2.80394651219267
4.41931015064255
3.29158437398418
3.19781105346436
4.58769908997406
2.19553404365045
3.69662441584961
3.83508816507268
2.75628485962205
3.21567008640374
1.83415606851795
1.85204722110141
3.10487471601649
3.722254032225
5.58549125261624
2.33310932929861
3.18733102457894
2.91750557462904
1.06697708214901
2.56103384606523
1.20532115854488
3.84037552975391
2.11196791767099
3.10009283313932
2.45547107000945
3.30352079464935
2.39967343786627
3.48996532117395
3.73936312360447
4.71188778298155
2.80587646424173
0.861644730560061
2.16041125266339
4.35459432800464
1.92784471161575
3.96095386974057
3.12404980000319
4.43669662271894
1.03910000063497
2.80230177402585
1.7921545147402
5.90800803072936
3.82521889422849
4.37897197791661
1.94181974201264
2.53138441889938
2.72753059074981
4.09842461788862
2.72212806721236
3.70154145816328
0.948183700088851
2.64615000222557
2.17641347484315
1.4229429772008
3.50797465090595
3.28198406367056
3.03347988224445
1.66632205657189
4.12749227834159
3.35017941060331
2.70093396966702
3.02288979275163
2.73800456503391
1.24978763155321
2.71434902840467
2.16863348843238
2.0207936948327
1.843598344336
2.46644289068401
0.99736426411694
3.96422942263163
3.52006010145546
2.97997214835746
2.96522891397152
2.20183641543586
4.01868528212858
2.86678252049227
2.28546983621284
4.35138576842666
2.77522894394742
2.4109709692792
2.70624640226458
2.15207375636207
1.87987169875627
5.52599969211831
4.65549759288735
3.30753515923825
1.74288164064795
2.1345319694452
2.82346588576855
3.79141606162863
1.66799557868475
0.670132844194924
1.55090270716126
3.33351083306581
3.3913536044329
3.45167941892824
2.86971534685428
3.18368909586194
2.52384698338093
3.86202161155692
1.63830552912925
3.45502955644433
2.15129062006634
2.66511306103595
3.55278334594455
4.03909065350496
1.88236131673479
4.2606587091209
3.66014314104698
2.93213444645731
2.80477880210125
2.78239364985681
2.69689237864826
3.02304562442511
3.05129035584877
3.8260627902116
4.52697668673337
3.4669144356847
2.79028666161126
3.62519035708763
3.18322726300144
1.97023245643338
3.94922183113102
3.3070619191467
3.13517494209946
3.51524633552485
3.26140632405538
2.05851422904457
2.83766232719617
2.85394536566847
2.46798862319118
4.68210359466318
2.12427065383998
2.51618494988988
2.28799545097258
1.82578766854318
2.80776048246073
2.7259297700674
4.5300725144241
2.75097525748629
1.93578658711067
4.60345729812004
4.23467914689078
2.77037354903682
1.49384029602028
2.55537218355301
2.84405896427523
3.27606825393154
2.73883635422352
3.44342191290409
3.39189420943245
1.74932109317359
2.05203907766857
2.25889390605959
2.49218244972183
2.67942449339976
3.01246904136162
-0.0291773414041456
2.54298535912842
4.24244840639074
1.93329860101525
3.93372816267124
3.35032100135611
2.97099423629127
3.18245216750598
1.43494398584927
2.91546052018228
4.60394635060288
3.09834777464011
3.04137361348961
2.26583088730326
2.96918626998768
3.23234701262448
3.42638755740894
2.6271912582765
2.76354541624281
5.02369088660305
0.741646029503809
5.2294456804569
3.33756370061311
4.00006081958912
1.33583552501294
2.40996543579478
2.72193583623469
3.42271569122048
1.32979930214953
3.4716343264163
1.78715280032554
3.06619004842461
3.65235588866137
3.32705996717709
4.08263350423676
4.00607711081905
2.34909226340225
3.25705615743397
2.05562219359578
1.67821147860744
3.92482593349371
3.00004984907525
2.94508108539059
3.91112726565386
3.59458369740905
3.35020117387454
4.250251228305
3.92978945855772
3.23976325705858
2.30963889688877
2.34844635824972
4.19210187053127
1.38816961132219
2.97553806336408
1.0511528231011
4.02049801445265
3.86171630239342
3.00116208348351
2.92916278683952
0.513716079296721
3.58117232267592
0.807565080034095
0.680719693356698
3.07993371029844
2.05151901642949
3.41149062142337
3.67697780568403
3.85773254520536
2.30884087461701
3.44937762316685
3.10063335031508
3.82606999846992
3.53615707992592
3.89788842598508
2.86806213207542
2.85279854384873
4.00777340530544
0.87634453758425
2.49541359448599
1.72940555019134
2.61741519729235
3.64867926204862
3.82572714924176
1.98505635731986
2.52893008731683
3.13702487413005
2.70813662424643
3.30181855526101
3.3999309429558
2.07003844105987
2.82316973407077
0.867905400838465
4.14536171051847
2.37090923900584
1.79615002599778
2.74605531657719
1.5713531353679
2.9791423822984
2.43933500347182
5.17777870918415
4.1384653873296
0.503113496815498
3.44132693172761
1.60186212418893
2.74494482011919
3.16440407331873
3.74773402880812
2.72695305059709
4.57630014654607
2.51906284822115
3.32751212082969
3.66473412062759
3.08518859272116
3.88095278538105
3.3232131378476
2.21585381633591
1.19462664861391
4.8585929485557
2.39546991122554
3.10335972231065
3.56316695514598
3.113596996734
2.09527378720197
2.53228541754814
2.87511005277689
4.47895849150403
2.13918430999304
3.78466846728782
3.30862313994853
2.76613995787085
1.94302725403987
2.71585904537384
2.91330971754069
1.53060492551364
3.19218224487079
2.17770672370983
2.90575941204028
3.33621334095424
2.09534594075316
2.7117436387943
3.35006275753418
1.1641408574957
4.03597590824548
5.42446114493936
3.95940050940798
2.68422800499059
3.4286226798594
1.96401522148661
4.87786546049586
3.94070440335213
3.78734577993525
2.12412573804333
3.31994913438233
2.4417057151491
2.68857058145311
2.42999008335781
1.97426638437129
2.09125441312567
2.79010266594441
1.30113591582739
3.60760057584608
2.88220171073204
3.69916033364417
3.2696486417166
3.49428705537941
1.5168789774841
1.97973561431703
2.55300498925547
3.1096585913276
4.12873645202828
2.71003695919997
4.26155071814115
3.47542481170727
4.17411675149371
3.12694706804365
2.34318407105192
1.51860092842122
3.15548899590389
3.818551368521
2.70741186916561
2.45921358351147
2.69135818471989
1.90340669847453
2.50699018468355
2.81926064358496
3.04584110571371
2.93621687997767
3.61133519406524
3.10931769377487
4.81401545028038
3.31202382832927
4.80449377172419
2.27687852042958
3.52654703774956
2.73974913829388
3.60014250880863
3.59393079564875
0.813978387251765
1.67295685047971
1.55898640236109
3.40184449703982
4.47020128084852
2.67318577121409
3.8123230046408
3.54554010352612
1.94836769047915
3.39746699579531
2.24810526131811
4.51626689664595
2.96743349080552
4.63599965727829
2.57494150938997
3.58943336671822
2.93720877428168
0.97804106994821
2.01786847422095
3.61251129816695
2.94511387001132
1.88126799754728
2.37362146113286
3.2495177405628
2.0069809934504
3.97495022481131
2.35929049327394
4.80886262051925
1.92013374926117
3.19918944407526
1.47897343823105
2.27636887471093
2.4067496849892
3.4013363398188
3.94213331923694
3.30048596759573
2.626929341369
3.8154885080925
3.79888699215672
3.12020528195636
3.57124762971448
3.41279601031139
2.01303811664848
3.75956832591478
2.34279870090165
2.39608151862383
3.17694682232941
2.69249653013725
2.86817964708411
3.5953576738841
4.04683278430523
2.80204136738816
3.3276781639072
2.76169849541027
3.22959689322031
3.43999790482263
2.38313407111077
3.27483678691167
3.6011020324683
3.09230795123896
4.72984139157236
2.39144255526168
2.26294022830219
1.25012069361237
3.91048257964711
3.86708255294733
2.92010716094196
3.89847598937714
3.18370342309125
3.29079013488445
3.11294471702105
3.43995218887244
3.10166244370034
5.78733522781344
1.83333496980536
1.14570091731031
1.85931885533037
1.9066565437604
